        [38;2;0;0;0m▄[0m[38;2;0;0;0m▄[0m[38;2;0;0;0m▄[0m[38;2;0;0;0m▄[0m[38;2;0;0;0m▄[0m[38;2;0;0;0m▄[0m       
      [38;2;0;0;0m▄[0m[38;2;0;0;0m[48;2;3;0;0m▀[0m[38;2;0;0;0m[48;2;97;12;0m▀[0m[38;2;16;2;0m[48;2;178;21;1m▀[0m[38;2;19;2;0m[48;2;180;22;1m▀[0m[38;2;15;2;0m[48;2;180;21;1m▀[0m[38;2;7;1;0m[48;2;171;21;1m▀[0m[38;2;0;0;0m[48;2;113;13;1m▀[0m[38;2;0;0;0m[48;2;19;2;0m▀[0m[38;2;0;0;0m[48;2;0;0;0m▀[0m[38;2;0;0;0m▄[0m    
     [38;2;0;0;0m[48;2;0;0;0m▀[0m[38;2;0;0;0m[48;2;0;0;1m▀[0m[38;2;57;6;8m[48;2;117;12;20m▀[0m[38;2;199;24;2m[48;2;204;25;1m▀[0m[38;2;200;24;1m[48;2;136;16;1m▀[0m[38;2;187;22;1m[48;2;29;3;0m▀[0m[38;2;163;18;0m[48;2;15;13;14m▀[0m[38;2;144;13;0m[48;2;27;37;42m▀[0m[38;2;146;11;0m[48;2;44;58;64m▀[0m[38;2;88;5;0m[48;2;42;51;56m▀[0m[38;2;0;0;0m[48;2;12;16;19m▀[0m[38;2;0;0;0m[48;2;0;0;0m▀[0m[38;2;0;0;0m▄[0m   
   [38;2;0;0;0m▄[0m[38;2;0;0;0m▄[0m[38;2;0;0;0m[48;2;0;0;0m▀[0m[38;2;7;0;7m[48;2;22;2;14m▀[0m[38;2;150;16;22m[48;2;160;17;26m▀[0m[38;2;200;24;0m[48;2;195;23;0m▀[0m[38;2;45;1;0m[48;2;37;2;0m▀[0m[38;2;26;45;50m[48;2;50;74;81m▀[0m[38;2;131;174;193m[48;2;131;174;192m▀[0m[38;2;161;204;223m[48;2;161;208;230m▀[0m[38;2;237;249;252m[48;2;184;218;234m▀[0m[38;2;242;250;252m[48;2;196;226;238m▀[0m[38;2;211;222;226m[48;2;208;233;244m▀[0m[38;2;94;111;118m[48;2;179;221;240m▀[0m[38;2;3;4;5m[48;2;48;64;71m▀[0m[38;2;0;0;0m[48;2;0;0;0m▀[0m  
  [38;2;0;0;0m[48;2;0;0;0m▀[0m[38;2;1;0;0m[48;2;21;2;1m▀[0m[38;2;72;9;1m[48;2;183;23;10m▀[0m[38;2;57;7;0m[48;2;99;12;5m▀[0m[38;2;30;2;20m[48;2;34;2;23m▀[0m[38;2;162;17;29m[48;2;157;16;33m▀[0m[38;2;198;24;0m[48;2;202;24;0m▀[0m[38;2;46;3;0m[48;2;95;10;0m▀[0m[38;2;44;66;74m[48;2;4;15;18m▀[0m[38;2;85;114;126m[48;2;59;81;89m▀[0m[38;2;115;152;168m[48;2;73;99;109m▀[0m[38;2;121;163;180m[48;2;74;100;110m▀[0m[38;2;117;158;175m[48;2;73;99;109m▀[0m[38;2;111;150;167m[48;2;64;89;98m▀[0m[38;2;107;143;158m[48;2;38;54;60m▀[0m[38;2;37;48;53m[48;2;4;5;5m▀[0m[38;2;0;0;0m[48;2;0;0;0m▀[0m  
  [38;2;0;0;0m[48;2;0;0;0m▀[0m[38;2;30;3;12m[48;2;35;3;17m▀[0m[38;2;130;13;56m[48;2;125;12;61m▀[0m[38;2;57;5;27m[48;2;57;5;27m▀[0m[38;2;39;3;22m[48;2;41;3;22m▀[0m[38;2;150;15;39m[48;2;140;13;47m▀[0m[38;2;197;24;0m[48;2;192;23;1m▀[0m[38;2;178;22;1m[48;2;195;23;1m▀[0m[38;2;44;4;0m[48;2;186;22;1m▀[0m[38;2;0;4;5m[48;2;127;14;0m▀[0m[38;2;14;28;31m[48;2;90;8;0m▀[0m[38;2;21;37;42m[48;2;95;8;0m▀[0m[38;2;17;29;32m[48;2;127;12;0m▀[0m[38;2;17;11;11m[48;2;172;19;0m▀[0m[38;2;14;0;0m[48;2;103;12;5m▀[0m[38;2;0;0;0m[48;2;0;0;0m▀[0m[38;2;0;0;0m[48;2;0;0;0m▀[0m  
  [38;2;0;0;0m[48;2;0;0;0m▀[0m[38;2;42;4;20m[48;2;46;4;22m▀[0m[38;2;127;12;61m[48;2;127;12;61m▀[0m[38;2;57;5;27m[48;2;58;5;28m▀[0m[38;2;42;3;21m[48;2;42;3;20m▀[0m[38;2;129;11;55m[48;2;121;10;61m▀[0m[38;2;186;22;6m[48;2;168;19;20m▀[0m[38;2;193;23;0m[48;2;195;23;0m▀[0m[38;2;193;23;1m[48;2;192;23;1m▀[0m[38;2;199;24;1m[48;2;192;23;1m▀[0m[38;2;200;24;1m[48;2;192;23;1m▀[0m[38;2;200;24;1m[48;2;192;23;1m▀[0m[38;2;199;24;1m[48;2;192;23;1m▀[0m[38;2;203;24;1m[48;2;195;23;4m▀[0m[38;2;104;11;18m[48;2;93;9;29m▀[0m[38;2;0;0;0m[48;2;0;0;0m▀[0m[38;2;0;0;0m[48;2;0;0;0m▀[0m  
  [38;2;0;0;0m[48;2;0;0;0m▀[0m[38;2;45;4;22m[48;2;37;3;18m▀[0m[38;2;127;12;61m[48;2;127;12;62m▀[0m[38;2;58;5;28m[48;2;61;6;29m▀[0m[38;2;41;3;19m[48;2;38;3;18m▀[0m[38;2;121;10;60m[48;2;123;10;59m▀[0m[38;2;133;13;46m[48;2;117;10;58m▀[0m[38;2;190;23;3m[48;2;135;13;44m▀[0m[38;2;196;24;0m[48;2;156;17;29m▀[0m[38;2;195;23;0m[48;2;166;18;21m▀[0m[38;2;194;23;0m[48;2;176;20;14m▀[0m[38;2;194;23;0m[48;2;172;19;17m▀[0m[38;2;197;24;0m[48;2;159;17;26m▀[0m[38;2;177;20;18m[48;2;131;12;54m▀[0m[38;2;76;6;37m[48;2;64;5;32m▀[0m[38;2;0;0;0m[48;2;0;0;0m▀[0m[38;2;0;0;0m[48;2;0;0;0m▀[0m  
  [38;2;0;0;0m[48;2;0;0;0m▀[0m[38;2;14;1;6m[48;2;0;0;0m▀[0m[38;2;110;10;53m[48;2;16;1;7m▀[0m[38;2;68;6;33m[48;2;14;1;7m▀[0m[38;2;34;3;16m[48;2;31;3;15m▀[0m[38;2;122;10;59m[48;2;121;10;58m▀[0m[38;2;119;10;57m[48;2;119;10;57m▀[0m[38;2;117;10;58m[48;2;121;10;58m▀[0m[38;2;119;10;61m[48;2;68;6;32m▀[0m[38;2;121;10;61m[48;2;42;4;20m▀[0m[38;2;123;10;60m[48;2;58;5;28m▀[0m[38;2;122;10;61m[48;2;61;5;29m▀[0m[38;2;119;10;60m[48;2;78;7;37m▀[0m[38;2;122;10;60m[48;2;117;10;56m▀[0m[38;2;47;4;22m[48;2;25;2;11m▀[0m[38;2;0;0;0m[48;2;0;0;0m▀[0m   
   [38;2;0;0;0m▀[0m[38;2;0;0;0m▀[0m[38;2;0;0;0m[48;2;0;0;0m▀[0m[38;2;25;2;12m[48;2;17;1;8m▀[0m[38;2;119;10;57m[48;2;115;10;55m▀[0m[38;2;120;10;57m[48;2;120;10;58m▀[0m[38;2;120;10;57m[48;2;119;10;57m▀[0m[38;2;24;2;11m[48;2;24;2;11m▀[0m[38;2;0;0;0m[48;2;0;0;0m▀[0m[38;2;0;0;0m[48;2;0;0;0m▀[0m[38;2;41;3;19m[48;2;84;7;40m▀[0m[38;2;112;10;53m[48;2;132;12;63m▀[0m[38;2;106;9;51m[48;2;107;9;51m▀[0m[38;2;7;0;3m[48;2;5;0;1m▀[0m[38;2;0;0;0m[48;2;0;0;0m▀[0m   
   [38;2;60;60;60m▄[0m[38;2;55;58;60m▄[0m[38;2;15;15;18m[48;2;53;57;58m▀[0m[38;2;8;0;3m[48;2;13;14;14m▀[0m[38;2;107;9;51m[48;2;22;0;9m▀[0m[38;2;127;11;61m[48;2;47;2;21m▀[0m[38;2;110;9;53m[48;2;21;0;9m▀[0m[38;2;12;0;4m[48;2;10;11;11m▀[0m[38;2;30;33;34m[48;2;54;57;58m▀[0m[38;2;21;24;24m[48;2;54;58;59m▀[0m[38;2;35;0;15m[48;2;26;31;30m▀[0m[38;2;76;4;35m[48;2;22;27;26m▀[0m[38;2;48;2;22m[48;2;24;30;29m▀[0m[38;2;5;4;5m[48;2;48;51;52m▀[0m[38;2;30;30;30m[48;2;57;61;62m▀[0m[38;2;53;60;60m▄[0m  
   [38;2;46;69;69m▀[0m[38;2;55;58;58m▀[0m[38;2;57;60;61m[48;2;56;56;56m▀[0m[38;2;52;55;56m[48;2;61;61;69m▀[0m[38;2;33;38;38m[48;2;67;72;72m▀[0m[38;2;24;30;29m[48;2;64;68;68m▀[0m[38;2;33;37;37m[48;2;62;66;70m▀[0m[38;2;53;57;58m[48;2;59;62;62m▀[0m[38;2;57;61;62m[48;2;55;59;59m▀[0m[38;2;57;61;62m[48;2;55;59;59m▀[0m[38;2;58;62;63m[48;2;54;57;61m▀[0m[38;2;57;62;63m[48;2;56;61;61m▀[0m[38;2;57;61;62m[48;2;54;60;60m▀[0m[38;2;56;61;61m[48;2;60;60;60m▀[0m[38;2;55;59;60m▀[0m[38;2;57;61;61m▀[0m  